FD001: 0.803909590714722
FD002: 0.7908564031655438
FD003: 0.8409255242227043
FD004: 0.8311010821565488
